0.000000000000000000e+00
0.000000000000000000e+00
0.000000000000000000e+00
0.000000000000000000e+00
0.000000000000000000e+00
0.000000000000000000e+00
0.000000000000000000e+00
0.000000000000000000e+00
0.000000000000000000e+00
0.000000000000000000e+00
0.000000000000000000e+00
0.000000000000000000e+00
0.000000000000000000e+00
0.000000000000000000e+00
0.000000000000000000e+00
0.000000000000000000e+00
0.000000000000000000e+00
0.000000000000000000e+00
0.000000000000000000e+00
0.000000000000000000e+00
0.000000000000000000e+00
0.000000000000000000e+00
0.000000000000000000e+00
0.000000000000000000e+00
0.000000000000000000e+00
0.000000000000000000e+00
0.000000000000000000e+00
0.000000000000000000e+00
0.000000000000000000e+00
0.000000000000000000e+00
0.000000000000000000e+00
0.000000000000000000e+00
0.000000000000000000e+00
0.000000000000000000e+00
0.000000000000000000e+00
0.000000000000000000e+00
0.000000000000000000e+00
0.000000000000000000e+00
0.000000000000000000e+00
0.000000000000000000e+00
0.000000000000000000e+00
0.000000000000000000e+00
0.000000000000000000e+00
0.000000000000000000e+00
0.000000000000000000e+00
0.000000000000000000e+00
0.000000000000000000e+00
0.000000000000000000e+00
0.000000000000000000e+00
0.000000000000000000e+00
0.000000000000000000e+00
0.000000000000000000e+00
0.000000000000000000e+00
0.000000000000000000e+00
0.000000000000000000e+00
0.000000000000000000e+00
0.000000000000000000e+00
0.000000000000000000e+00
0.000000000000000000e+00
0.000000000000000000e+00
0.000000000000000000e+00
0.000000000000000000e+00
0.000000000000000000e+00
0.000000000000000000e+00
0.000000000000000000e+00
0.000000000000000000e+00
0.000000000000000000e+00
0.000000000000000000e+00
0.000000000000000000e+00
0.000000000000000000e+00
0.000000000000000000e+00
0.000000000000000000e+00
0.000000000000000000e+00
0.000000000000000000e+00
0.000000000000000000e+00
0.000000000000000000e+00
0.000000000000000000e+00
0.000000000000000000e+00
0.000000000000000000e+00
0.000000000000000000e+00
0.000000000000000000e+00
0.000000000000000000e+00
0.000000000000000000e+00
0.000000000000000000e+00
0.000000000000000000e+00
0.000000000000000000e+00
0.000000000000000000e+00
0.000000000000000000e+00
0.000000000000000000e+00
0.000000000000000000e+00
0.000000000000000000e+00
0.000000000000000000e+00
0.000000000000000000e+00
0.000000000000000000e+00
0.000000000000000000e+00
0.000000000000000000e+00
0.000000000000000000e+00
0.000000000000000000e+00
0.000000000000000000e+00
0.000000000000000000e+00
0.000000000000000000e+00
0.000000000000000000e+00
0.000000000000000000e+00
0.000000000000000000e+00
0.000000000000000000e+00
0.000000000000000000e+00
0.000000000000000000e+00
0.000000000000000000e+00
0.000000000000000000e+00
0.000000000000000000e+00
0.000000000000000000e+00
0.000000000000000000e+00
0.000000000000000000e+00
0.000000000000000000e+00
0.000000000000000000e+00
0.000000000000000000e+00
0.000000000000000000e+00
0.000000000000000000e+00
0.000000000000000000e+00
0.000000000000000000e+00
0.000000000000000000e+00
0.000000000000000000e+00
0.000000000000000000e+00
0.000000000000000000e+00
0.000000000000000000e+00
0.000000000000000000e+00
0.000000000000000000e+00
0.000000000000000000e+00
0.000000000000000000e+00
0.000000000000000000e+00
0.000000000000000000e+00
0.000000000000000000e+00
0.000000000000000000e+00
0.000000000000000000e+00
0.000000000000000000e+00
0.000000000000000000e+00
-0.000000000000000000e+00
0.000000000000000000e+00
-0.000000000000000000e+00
4.940656458412465442e-324
-1.976262583364986177e-323
7.410984687618698163e-323
-2.667954487542731339e-322
9.980126045993180192e-322
-3.730195626101411409e-321
1.392276989980632761e-320
-5.196088397312389905e-320
1.939207659926892686e-319
-7.237320613105500002e-319
2.700997597936593907e-318
-1.008025833043582563e-317
3.762003078315025020e-317
-1.403998697428216336e-316
5.239794383068233673e-316
-1.955517888425128294e-315
7.298092105512376892e-315
-2.723685054350569219e-314
1.016493100586290789e-313
-3.793603896959512801e-313
1.415792248720235385e-312
-5.283808605180049603e-312
1.971944217199502237e-311
-7.359396008280992119e-311
2.746563981592446624e-310
-1.025031632554163788e-309
3.825470132057420370e-309
-1.427684889567552263e-308
5.328192545064469486e-308
-1.988508529069033507e-307
7.421214861769690439e-307
-2.769635091800973418e-306
1.033641888102692890e-305
-3.857604043230675829e-305
1.439677428482001612e-304
-5.372949309604941192e-304
2.005211980993776821e-303
-7.483552993014616647e-303
2.792899999106470013e-302
-1.042324469712442370e-301
3.890007878939123824e-301
-1.451770704604405811e-300
5.418082030523712602e-300
-2.022055741749045637e-299
7.546414763943814602e-299
-2.816360331402621967e-298
1.051079984921611299e-297
-3.922683906546184525e-297
1.463965564126313308e-296
-5.463593865850636818e-296
2.039040989927624266e-295
-7.609804573125436205e-295
2.840017730257413837e-294
-1.059909046371711468e-293
3.955634412461105568e-293
-1.476262860347271845e-292
5.509488000142979271e-292
-2.056168914022465258e-291
7.673726856075566488e-291
-2.863873851027980568e-290
1.068812271850437132e-289
-3.988861702298952293e-289
1.488663453734537683e-288
-5.555767644708257825e-288
2.073440712509850146e-287
-7.738186085568578227e-287
2.887930362976447326e-286
-1.077790284334893533e-285
4.022368101041931686e-285
-1.501168211983283620e-284
5.602436037828945268e-284
-2.090857593933250223e-283
7.803186771950109949e-283
-2.912188949386720104e-282
1.086843712035187430e-281
-4.056155953202079122e-281
1.513778010077313273e-280
-5.649496444989048727e-280
2.108420776987889069e-279
-7.868733463452655708e-279
2.936651307682274277e-278
-1.095973188438383435e-277
4.090227622985308318e-277
-1.526493730350285635e-276
5.696952159102613863e-276
-2.126131490606017783e-275
7.934830746513812873e-275
-2.961319149544924814e-274
1.105179352352832387e-273
-4.124585494456838759e-273
1.539316262547453106e-272
-5.744806500744129535e-272
2.143990974042907981e-271
-8.001483246097220875e-271
2.986194201034599207e-270
-1.114462847952867915e-269
4.159231971708013296e-269
-1.552246503887919283e-268
5.793062818380877148e-268
-2.162000476963559792e-267
8.068695626016156725e-267
-3.011278202710107959e-266
1.123824324823881857e-265
-4.194169479024518148e-265
1.565285359127419790e-264
-5.841724488607230595e-264
2.180161259530150545e-263
-8.136472589259882383e-263
3.036572909750939344e-262
-1.133264438007777351e-261
4.229400461056017388e-261
-1.578433740621629694e-260
5.890794916380919835e-260
-2.198474592490206066e-259
8.204818878322736540e-259
-3.062080092080074934e-258
1.142783848048803024e-257
-4.264927382987206266e-257
1.591692568390002907e-256
-5.940277535261294253e-256
2.216941757265517765e-255
-8.273739275535946487e-255
3.087801534487828049e-254
-1.152383221039772237e-253
4.300752730710306977e-253
-1.605062770180146249e-252
5.990175807649556598e-252
-2.235564046041809371e-251
8.343238603402282794e-251
-3.113739036756733188e-250
1.162063228668671068e-249
-4.336879010999013619e-249
1.618545281532738936e-248
-6.040493225031056070e-248
2.254342761859149229e-247
-8.413321724933494248e-247
3.139894413787483507e-246
-1.171824548265659235e-245
4.373308751683889656e-245
-1.632141045846990447e-244
6.091233308219575343e-244
-2.273279218703131938e-243
8.483993543990573990e-243
-3.166269495725917417e-242
1.181667862850461778e-241
-4.410044501829256662e-241
1.645851014446656837e-240
-6.142399607603704678e-240
2.292374741596817200e-239
-8.555259005626900995e-239
3.192866128091080852e-238
-1.191593861180163757e-237
4.447088831911548716e-237
-1.659676146646603725e-236
6.193995703395262263e-236
-2.311630666693445384e-235
8.627123096434261071e-235
-3.219686171904361147e-234
1.201603237797402253e-233
-4.484444333999174462e-233
1.673617409819930431e-232
-6.246025205879808211e-232
2.331048341369930814e-231
-8.699590844891746509e-231
3.246731503819707096e-230
-1.211696693078965980e-229
4.522113621933893987e-229
-1.687675779465661821e-228
6.298491755669261179e-228
-2.350629124321138905e-227
8.772667321717631844e-227
-3.274004016254940534e-226
1.221874933284800383e-225
-4.560099331513709764e-225
1.701852239277004437e-224
-6.351399023956649532e-224
2.370374385654959993e-223
-8.846357640224178666e-223
3.301505617524176619e-222
-1.232138670607429736e-221
4.598404120677303064e-221
-1.716147781210178817e-220
6.404750712772987322e-220
-2.390285506988177912e-219
8.920666956675417082e-219
-3.329238231971350457e-218
1.242488623221786427e-217
-4.637030669690012827e-217
1.730563405553827273e-216
-6.458550555246310225e-216
2.410363881543142264e-215
-8.995600470647942028e-215
3.357203800104863822e-214
-1.252925515335466644e-213
4.675981681331381638e-213
-1.745100120999007310e-212
6.512802315862891339e-212
-2.430610914245257097e-211
9.071163425394743583e-211
-3.385404278733373116e-210
1.263450077239402013e-209
-4.715259881084273646e-209
1.759758944709769878e-208
-6.567509790730655283e-208
2.451028021821285514e-207
-9.147361108212082235e-207
3.413841641102705000e-206
-1.274063045358961717e-205
4.754868017325578415e-205
-1.774540902394335858e-204
6.622676807844789133e-204
-2.471616632898482952e-203
9.224198850809456863e-203
-3.442517877033935923e-202
1.284765162305480220e-201
-4.794808861518530142e-201
1.789447028376864289e-200
-6.678307227355607912e-200
2.492378188104557490e-199
-9.301682029682672999e-199
3.471434993062616142e-198
-1.295557176928220024e-197
4.835085208406620784e-197
-1.804478365669827039e-196
6.734404941838648275e-196
-2.513314140168477581e-195
9.379816066490048917e-195
-3.500595012579173292e-194
1.306439844366769390e-193
-4.875699876209163030e-193
1.819635966046988784e-192
-6.790973876567040293e-192
2.534425954022118796e-191
-9.458606428431774426e-191
3.529999975970499573e-190
-1.317413926103882421e-189
4.916655706818481422e-189
-1.834920890117005283e-188
6.848017989786176580e-188
-2.555715106902771379e-187
9.538058628632470794e-187
-3.559651940762712660e-186
1.328480190018760989e-185
-4.957955565998774322e-185
1.850334207397634512e-184
-6.905541272990663293e-184
2.577183088456502911e-183
-9.618178226526948660e-183
3.589552981765131096e-182
-1.339639410440783487e-181
4.999602343586623781e-181
-1.865876996390571833e-180
6.963547751203627092e-180
-2.598831400842394617e-179
9.698970828249221238e-179
-3.619705191215450232e-178
1.350892368203688607e-177
-5.041598953693211266e-177
1.881550344656916237e-176
-7.022041483258346892e-176
2.620661558837648641e-175
-9.780442087024762680e-175
3.650110678926141947e-174
-1.362239850700209511e-173
5.083948334908226185e-173
-1.897355348893270295e-172
7.081026562082262367e-172
-2.642675089943578894e-171
9.862597703566091868e-171
-3.680771572432081432e-170
1.373682651937172077e-169
-5.126653450505482077e-169
1.913293115008476241e-168
-7.140507114983358638e-168
2.664873534492496961e-167
-9.945443426471656781e-167
3.711690017139414485e-166
-1.385221572591049633e-165
5.169717288650259010e-165
-1.929364758200999533e-164
7.200487303938975218e-164
-2.687258445755491599e-163
1.002898505262807319e-162
-3.742868176475681937e-162
1.396857420063992364e-161
-5.213142862608403778e-161
1.945571403036962808e-160
-7.260971325887014013e-160
2.709831390051110651e-159
-1.011322842761574537e-158
3.774308232041187943e-158
-1.408591008540318532e-157
5.256933210957157922e-157
-1.961914183528831946e-156
7.321963413019614516e-156
-2.732593946854964138e-155
1.019817944611789645e-154
-3.806012383761664194e-154
1.420423159043487243e-153
-5.301091397797785335e-153
1.978394243214766284e-152
-7.383467833079290207e-152
2.755547708910240345e-151
-1.028384405233303880e-150
3.837982850042192504e-150
-1.432354699493547360e-149
5.345620512969971762e-149
-1.995012735238634967e-148
7.445488889657545385e-148
-2.778694282339155734e-147
1.037022824039087145e-146
-3.870221867922434230e-146
1.444386464765065667e-145
-5.390523672268021377e-145
2.011770822430702998e-144
-7.508030922496013766e-144
2.802035286755336259e-143
-1.045733805477174946e-142
3.902731693233167389e-142
-1.456519296745549880e-141
5.435804017658884819e-141
-2.028669677389000047e-140
7.571098307790115435e-140
-2.825572355377147102e-139
1.054517959072958050e-138
-3.935514600754119093e-138
1.468754044394352384e-137
-5.481464717501998940e-137
2.045710482561365364e-136
-7.634695458495265284e-136
2.849307135141970723e-135
-1.063375899471835911e-134
3.968572884373148222e-134
-1.481091563802076248e-133
5.527508966770992417e-133
-2.062894430328190046e-132
7.698826824635666495e-132
-2.873241286821448375e-131
1.072308246482222935e-130
-4.001908857246748906e-130
1.493532718250478010e-129
-5.573939987277238670e-129
2.080222723085848340e-128
-7.763496893615673208e-128
2.897376485137685397e-127
-1.081315625118917775e-126
4.035524851961903669e-126
-1.506078378272870494e-125
5.620761027895293904e-125
-2.097696573330831483e-124
7.828710190533800321e-124
-2.921714418880437946e-123
1.090398665646837545e-122
-4.069423220699308164e-122
1.518729421715040116e-121
-5.667975364790232065e-121
2.115317203744589438e-120
-7.894471278499338586e-120
2.946256791025278107e-119
-1.099558003625118297e-118
4.103606335397946919e-118
-1.531486733796667642e-117
5.715586301646878167e-117
-2.133085847279085013e-116
7.960784758951655407e-116
-2.971005318852755098e-115
1.108794279951585778e-114
-4.138076587921069858e-114
1.544351207173269960e-113
-5.763597169900975236e-113
2.151003747243063704e-112
-8.027655271982161794e-112
2.995961734068559640e-111
-1.118108140907602654e-110
4.172836390223556681e-110
-1.557323741998662880e-109
5.812011328972298629e-109
-2.169072157389054109e-108
8.095087496658990071e-108
-3.021127782924691790e-107
1.127500238203287435e-106
-4.207888174520681834e-106
1.570405245987944547e-105
-5.860832166499712133e-105
2.187292342001091154e-104
-8.163086151354395957e-104
3.046505226341650910e-103
-1.136971229023116776e-102
4.243234393458303649e-102
-1.583596634481010654e-101
5.910063098578214156e-101
-2.205665575983185676e-100
8.231655994074925221e-100
-3.072095840031652637e-99
1.146521776071912199e-98
-4.278877520284485033e-98
1.596898830506603752e-97
-5.959707569997968713e-97
2.224193144948528305e-96
-8.300801822794319261e-96
3.097901414622875789e-95
-1.156152547621207605e-94
4.314820049022544239e-94
-1.610312764846897281e-93
6.009769054485339118e-93
-2.242876345309446451e-92
8.370528475789257003e-92
-3.123923755784759689e-91
1.165864217556011714e-90
-4.351064494645573178e-90
1.623839376102628993e-89
-6.060251054945960487e-89
2.261716484368122377e-88
-8.440840831977897086e-88
3.150164684354348383e-87
-1.175657465421960818e-86
4.387613393252409414e-86
-1.637479610758768488e-85
6.111157103709835652e-85
-2.280714880408058355e-84
8.511743811261253055e-84
-3.176626036463696758e-83
1.185532976472866667e-82
-4.424469302245098417e-82
1.651234423250753285e-81
-6.162490762778505406e-81
2.299872862786328238e-80
-8.583242374867466907e-80
3.203309663668354538e-79
-1.195491441718667731e-78
4.461634800507837266e-78
-1.665104776031268637e-77
6.214255624074292930e-77
-2.319191772026591344e-76
8.655341525698938460e-76
-3.230217433076917937e-75
1.205533557973778171e-74
-4.499112488587422705e-74
1.679091639637592109e-73
-6.266455309691628445e-73
2.338672959912893172e-72
-8.728046308682412359e-72
3.257351227481677084e-71
-1.215660027905847293e-70
4.536904988875223958e-70
-1.693195992759505433e-69
6.319093472150502167e-69
-2.358317789584251147e-68
8.801361811121956636e-68
-3.284712945490359269e-67
1.225871560084924356e-66
-4.575014945790664263e-66
1.707418822307773928e-65
-6.372173794652031027e-65
2.378127635630035967e-64
-8.875293163054943294e-64
3.312304501658974497e-63
-1.236168869033041040e-62
4.613445025966269411e-62
-1.721761123483204114e-61
6.425699991336193314e-61
-2.398103884186157605e-60
8.949845537611014129e-60
-3.340127826625790886e-59
1.246552675274206766e-58
-4.652197918434250539e-58
1.736223899846280087e-57
-6.479675807541698974e-57
2.418247933032052006e-56
-9.025024151374043445e-56
3.368184867246413581e-55
-1.257023705384825596e-54
4.691276334814663270e-54
-1.750808163387383357e-53
6.534105020068069883e-53
-2.438561191688490429e-52
9.100834264747157788e-52
-3.396477586730016038e-51
1.267582692044535490e-50
-4.730683009505141959e-50
1.765514934597604208e-49
-6.588991437439905485e-49
2.459045081516202913e-48
-9.177281182320822849e-48
3.425007964776710823e-47
-1.278230374087476611e-46
4.770420699872237842e-46
-1.780345242540148234e-45
6.644338900173371487e-45
-2.479701035815334736e-44
9.254370253244005777e-44
-3.453777997716070231e-43
1.288967496553988712e-42
-4.810492186444349736e-42
1.795300124922341852e-41
-6.700151281044935109e-41
2.500530499925741056e-40
-9.332106871598476322e-40
3.482789698646817728e-39
-1.299794810742742752e-38
4.850900273106291129e-38
-1.810380628168243011e-37
6.756432485362345543e-37
-2.521534931328114355e-36
9.410496476776229295e-36
-3.512045097577681051e-35
1.310713074263310956e-34
-4.891647787295477537e-34
1.825587807491860625e-33
-6.813186451237898080e-33
2.542715799745973683e-32
-9.489544553860109303e-32
3.541546241569448050e-31
-1.321723051089178466e-30
4.932737580199771775e-30
-1.840922726970991389e-29
6.870417149863992301e-29
-2.564074587248498398e-28
9.569256634007597390e-28
-3.571295194878190641e-27
1.332825511611200964e-26
-4.974172526956986944e-26
1.856386459621675341e-25
-6.928128585791004795e-25
2.585612788354235807e-24
-9.649638294837844861e-24
3.601294039099716384e-23
-1.344021232691508766e-22
5.015955526856065719e-22
-1.871980087473276257e-21
6.986324797207501467e-21
-2.607331910135673751e-20
9.730695160821949220e-20
-3.631544873315213667e-19
1.355310997717866661e-18
-5.058089503539946095e-18
1.887704701644192504e-17
-7.045009856222779411e-17
2.629233472324693408e-16
-9.812432903676499511e-16
3.662049814238131992e-15
-1.366695596658488453e-14
5.100577405210142189e-14
-1.903561402418208772e-13
7.104187869151824213e-13
-2.651319007418909691e-12
9.894857242760460485e-12
-3.692810996362294558e-11
1.378175826117314010e-10
-5.143422204833027811e-10
1.919551299321480758e-09
-7.163862976802621180e-09
2.673590060788902009e-08
-9.977973945475350385e-08
3.723830572111251608e-07
-1.389752489389747748e-06
9.133684813989331275e-06
4.206699956073282903e-05
6.950144204039739320e-05
8.897456853863410517e-05
1.056744673628692084e-04
1.203260194300611566e-04
1.333342557239256584e-04
1.451167307657464831e-04
1.575008307538519202e-04
1.692409354880359932e-04
1.806318537951923683e-04
1.906887423108702439e-04
2.006561309781141082e-04
2.101742134468070065e-04
2.182554881776422890e-04
2.271277374791001767e-04
2.365667482200827724e-04
2.449549634169172880e-04
2.523187363467392446e-04
2.602489458449135464e-04
2.682150626232725947e-04
2.765837287443275285e-04
2.848308151722510123e-04
2.920931046307299666e-04
2.999935410676646567e-04
3.079508598112156380e-04
3.152565624796842812e-04
3.224277856754711557e-04
3.291637769023840520e-04
3.366633349758719768e-04
3.438499989604354434e-04
3.505008334886531587e-04
3.579174244849334997e-04
3.645793524768305670e-04
3.713559035467093195e-04
3.789199802684588758e-04
3.854966508892722593e-04
3.915234020271089353e-04
3.970210380196368153e-04
4.026759875001163628e-04
4.084088679740685655e-04
4.149543882047752766e-04
4.211522344960215544e-04
4.270518276888232018e-04
4.332191288380117522e-04
4.393718658537172617e-04
4.462106137294527281e-04
4.521556208699785136e-04
4.572777938396276249e-04
4.625852170626777314e-04
4.684350951369140904e-04
4.736825110696538371e-04
4.789624869666831092e-04
4.848383489637969547e-04
4.899419356800293647e-04
4.956297332059794725e-04
5.015194036506484630e-04
5.068488249407106412e-04
5.131186127119343734e-04
5.191868875680061106e-04
5.241967795960745385e-04
5.296704581955894234e-04
5.354608114236208668e-04
5.412495408552914829e-04
5.463828238648635793e-04
5.510743703357806264e-04
5.561456102115670081e-04
5.617638100779138825e-04
5.678418638435324319e-04
5.725029852736444793e-04
5.766768141627093974e-04
5.821561513467970886e-04
5.883552905937167741e-04
5.933811332959477687e-04
5.976857894192514654e-04
6.021914817634218750e-04
6.073569036880278145e-04
6.133009792249917826e-04
6.181225707606419033e-04
6.228847083420187020e-04
6.274067394606388289e-04
6.320009149139504479e-04
6.371104153162483828e-04
6.410003012035311604e-04
6.454816822130408829e-04
6.502271068171100281e-04
6.541904966660413252e-04
6.589725088957384480e-04
6.632616414399274910e-04
6.677625466088309191e-04
6.731382959915060363e-04
6.773852263121945367e-04
6.818058846980144545e-04
6.867084220539777708e-04
6.916727226261774842e-04
6.961406865602083561e-04
6.997985523522930922e-04
7.038657263077707869e-04
7.081081886334436538e-04
7.125027545112874901e-04
7.174440272681748302e-04
7.214030193007535049e-04
7.252200871616643323e-04
7.290023190172576764e-04
7.321925049322591979e-04
7.360943180523414793e-04
7.403329949750787941e-04
7.435176640015561753e-04
7.477567561821989173e-04
7.523132895004811015e-04
7.560518316898165057e-04
7.610941015074764978e-04
7.654746532460452932e-04
7.695476319322603004e-04
7.739639916494538661e-04
7.778426796908583353e-04
7.813829800525598935e-04
7.856543650469577193e-04
7.906674605840061532e-04
7.942260460488853894e-04
7.974889831314058803e-04
8.019161423329701282e-04
8.059797467394160322e-04
8.103093244192325229e-04
8.145085653548654906e-04
8.182173768244520567e-04
8.212991156731261864e-04
8.248344776378568758e-04
8.284150033523613463e-04
8.320262637979396886e-04
8.367199489082361493e-04
8.404552912860922950e-04
8.443593889083272387e-04
8.479463999153336257e-04
8.516363245128062915e-04
8.552581010087079248e-04
8.579794536624951902e-04
8.617730050574589316e-04
8.662101512345115294e-04
8.702865244485830402e-04
8.732011386104118755e-04
8.765882859848378927e-04
8.806922104967947760e-04
8.845127507845102497e-04
8.874886521383584760e-04
8.903602884988156370e-04
8.940534632967469001e-04
8.978658287306113400e-04
9.022015290943562627e-04
9.061528643118905253e-04
9.102032215338524057e-04
9.137313875828295294e-04
9.175923523732285297e-04
9.209280198854754304e-04
9.236552446386641496e-04
9.272106527023607275e-04
9.307391994314701249e-04
9.341045018261661791e-04
9.376896615247136023e-04
9.412187592858552859e-04
9.440654107526930431e-04
9.464947357186690195e-04
9.493255850237934017e-04
9.532062039643999021e-04
9.562120817541152088e-04
9.586049205138452147e-04
9.613656497239049352e-04
9.635493467048247482e-04
9.661169590818772211e-04
9.689622072487904733e-04
9.708903992302219841e-04
9.738653174401623461e-04
9.775542120808863259e-04
9.804808190804991091e-04
9.825795080602851665e-04
9.851484208774736410e-04
9.889146542576780080e-04
9.923448474412248713e-04
9.950472979731389903e-04
9.975570462424302853e-04
9.994733581723709570e-04
1.002423417641519574e-03
1.005390846652690767e-03
1.006900021672443163e-03
1.009448818665958187e-03
1.012908163777631945e-03
1.016013593291922174e-03
1.018209038932269689e-03
1.020361658588474349e-03
1.022828774840521321e-03
1.025382072249408959e-03
1.027396521568408987e-03
1.029367403810814430e-03
1.032081763207602599e-03
1.034699219445207484e-03
1.037464724362355999e-03
1.040299493163871890e-03
1.043325594756611694e-03
1.046881098939077357e-03
1.049018910774262301e-03
1.051355675431494933e-03
1.054642555375464100e-03
1.057534731370364392e-03
1.060596468157300925e-03
1.063507882413898672e-03
1.065965600878374716e-03
1.068786666537046648e-03
1.071804303801220061e-03
1.074388312937619517e-03
1.077411162597531483e-03
1.079586763403544590e-03
1.080873493596323310e-03
1.082218908566019320e-03
1.084985660952827741e-03
1.087109575589371036e-03
1.089013325930781283e-03
1.091546797187854670e-03
1.093798256906584323e-03
1.095878099514621369e-03
1.097632478281882276e-03
1.100467267897813680e-03
1.103319558135561380e-03
1.106519994888138271e-03
1.108675065169478693e-03
1.109677297402106516e-03
1.111771183865728745e-03
1.113476035264786062e-03
1.115673615755447901e-03
1.118332745647084318e-03
1.120239521790461403e-03
1.122374053398213570e-03
1.123861501023816489e-03
1.125305558346816103e-03
1.127035518464557717e-03
1.128688257395653706e-03
1.130800332213798953e-03
1.133265896340000757e-03
1.135188543627828383e-03
1.136891219249961185e-03
1.139031423578303710e-03
1.140924657381796976e-03
1.142090499082410717e-03
1.143315299276044701e-03
1.144511111137175383e-03
1.145978472241831114e-03
1.148533696268384937e-03
1.151234064586834690e-03
1.152874618450811309e-03
1.155001749460527393e-03
1.156865454613525187e-03
1.158513524067182133e-03
1.160018369263354342e-03
1.161903318667043212e-03
1.163822737226103635e-03
1.165071533305095776e-03
1.167075271604248914e-03
1.168169555798927433e-03
1.169553220443693073e-03
1.170444151969997218e-03
1.171957666017948855e-03
1.174215834497855087e-03
1.176261300117781381e-03
1.177375088672692272e-03
1.178557727093604507e-03
1.180443817295838849e-03
1.181964771108732614e-03
1.183422744514945300e-03
1.184215258140801016e-03
1.185141048077825374e-03
1.186999487125714979e-03
1.188596992167327560e-03
1.189661967378009789e-03
1.191215022028775748e-03
1.192995600714281566e-03
1.194847311137504616e-03
1.196057118549422168e-03
1.197280549857485934e-03
1.199025508452826764e-03
1.199857381864418045e-03
1.200660214508207950e-03
1.201540362289563223e-03
1.201815424268187597e-03
1.203501329864284158e-03
1.205402209857623199e-03
1.207174692390356298e-03
1.209366335801667419e-03
1.210428511631136917e-03
1.211253880128699764e-03
1.212863763517015459e-03
1.213407568541014945e-03
1.213959835403774935e-03
1.214947839560098167e-03
1.216476357888035802e-03
1.217449464393637482e-03
1.218525514185237607e-03
1.220248893875410055e-03
1.221154163286290641e-03
1.222250219104355565e-03
1.223457632583372246e-03
1.224846525741463740e-03
1.226493106727761986e-03
1.227814386700485901e-03
1.228843354618191445e-03
1.230330927632976041e-03
1.231920009545890400e-03
1.233298830932270333e-03
1.234808684175738849e-03
1.235784220781984029e-03
1.236555266609093602e-03
1.237883324310284309e-03
1.238849475640577688e-03
1.240150991064391988e-03
1.240985229881167058e-03
1.240910364711128719e-03
1.241306660900194777e-03
1.242367382229407928e-03
1.243163257312737777e-03
1.244480212833933485e-03
1.245792285295660700e-03
1.247020506471414013e-03
1.247741320182174521e-03
1.247599811011307434e-03
1.247460685578436184e-03
1.247704304829796908e-03
1.248841404722039403e-03
1.248871102721879752e-03
1.249428542487064295e-03
1.250151744121313739e-03
1.249653777470887675e-03
1.250352515388675678e-03
1.251486686911362431e-03
1.251995699396192541e-03
1.252525810467900033e-03
1.253052771063357853e-03
1.252669772518604082e-03
1.253410284776366708e-03
1.253979992624737081e-03
1.253539461198551050e-03
1.254308070188126997e-03
1.254808259661766966e-03
1.254747886994811868e-03
1.255748886256714174e-03
1.256119593687578468e-03
1.256177195212455824e-03
1.256996170498490785e-03
1.256757811921905199e-03
1.255901548743958282e-03
1.256322303776923792e-03
1.257171299850749335e-03
1.257458217111828225e-03
1.257356130088513584e-03
1.257321178736872571e-03
1.258000321778189818e-03
1.258700557702240258e-03
1.258895516808348613e-03
1.258013415164399270e-03
1.258096819111106631e-03
1.259283177947989824e-03
1.259506499387601881e-03
1.259781414445912883e-03
1.261193906213397371e-03
1.260996490135580898e-03
1.260808659955224564e-03
1.261199067697191777e-03
1.261145164502258361e-03
1.261953977826740705e-03
1.261504612831012380e-03
1.261216636815411718e-03
1.261938803878074559e-03
1.262840628752611707e-03
1.263063425204929242e-03
1.263281379360475104e-03
1.264221812786127516e-03
1.264017574188553133e-03
1.263253178459207903e-03
1.262303718427761285e-03
1.262194023591766681e-03
1.262674771030729368e-03
1.262521542666452095e-03
1.262633245595121698e-03
1.262501066784416179e-03
1.262107790991562773e-03
1.261910172988687162e-03
1.261929872804228806e-03
1.262266370008974150e-03
1.262675952507664968e-03
1.262502850856312038e-03
1.261762491574630000e-03
1.262198677441301155e-03
1.262230869711195025e-03
1.261607301785762488e-03
1.261400239429285187e-03
1.261525007709183004e-03
1.262298314997491438e-03
1.261921106564989304e-03
1.261092218171136438e-03
1.261353491404872519e-03
1.260984734182802811e-03
1.260100131151121322e-03
1.259097539229804942e-03
1.258917884765409613e-03
1.258676204125194200e-03
1.258023107806279135e-03
1.257212998617380584e-03
1.256627419992501892e-03
1.257017861535801280e-03
1.255959094237804694e-03
1.255622273958715380e-03
1.255062312652017054e-03
1.254369779806979376e-03
1.254527477822937756e-03
1.253586995203744827e-03
1.253348211761592251e-03
1.253503478001322113e-03
1.252583851725694569e-03
1.251186845120053851e-03
1.250211608014964535e-03
1.249055315037600391e-03
1.247388385235459951e-03
1.246529612618221686e-03
1.246847175124172254e-03
1.246105235182931462e-03
1.244997358503529671e-03
1.244156168698264077e-03
1.242749030151913108e-03
1.241444692730715640e-03
1.240781696909278378e-03
1.240275413116124744e-03
1.238787069112924242e-03
1.237906903219163730e-03
1.237235086669342867e-03
1.236963179013613606e-03
1.236114772425567698e-03
1.234641561724259635e-03
1.234524329260520623e-03
1.234665881494627750e-03
1.234325177007324255e-03
1.232538693957782551e-03
1.231402189506891013e-03
1.230254621934509388e-03
1.228444738733458497e-03
1.227082544707068078e-03
1.226287139060620824e-03
1.225672550407623691e-03
1.224730322562417144e-03
1.223591173808019194e-03
1.221837814545622498e-03
1.220964635672141824e-03
1.220422994050030310e-03
1.219463408815076250e-03
1.218592793649277053e-03
1.217388668061222465e-03
1.215986349804215605e-03
1.214851861526411708e-03
1.214606295279743167e-03
1.213500816352793910e-03
1.211804924858341306e-03
1.210856727180440167e-03
1.208958457354487393e-03
1.207551193826351520e-03
1.206548622218615602e-03
1.204711050106499698e-03
1.203606019924130348e-03
1.203428161047640594e-03
1.202049969284478374e-03
1.200117764635596053e-03
1.198100234881926312e-03
1.196647237830273606e-03
1.195954378315547883e-03
1.194623896760210920e-03
1.192632137706517307e-03
1.191219349595837610e-03
1.190423694147678488e-03
1.188780408207490121e-03
1.187407744411301831e-03
1.186698436965200488e-03
1.185233769878322714e-03
1.184126936190974325e-03
1.182739598631037461e-03
1.180602789021662890e-03
1.178715228873260072e-03
1.176967425356152327e-03
1.176239542300577205e-03
1.174541346113644989e-03
1.172397058615971821e-03
1.170989926636467962e-03
1.169173990156488832e-03
1.167794258715285733e-03
1.167053298758377773e-03
1.164892966289497039e-03
1.162872356961422785e-03
1.162467294035732755e-03
1.160453764026708095e-03
1.158808948061084603e-03
1.157849873609930131e-03
1.155402264831902970e-03
1.152906550653194466e-03
1.150629482945180826e-03
1.148332974086552260e-03
1.146195429357870898e-03
1.144347995142209291e-03
1.142801728969989987e-03
1.141837988580259901e-03
1.139607972666387917e-03
1.137809551595008644e-03
1.137084083482229387e-03
1.134850821263467570e-03
1.131877610554376037e-03
1.130069907549964472e-03
1.129235726383984346e-03
1.127703768754832660e-03
1.125222493061995904e-03
1.123959904754440534e-03
1.122102135710583868e-03
1.119844320716806675e-03
1.117879795037734006e-03
1.115340983850222900e-03
1.113348970291668308e-03
1.110846069640138893e-03
1.108797080980120520e-03
1.107379904705762912e-03
1.105352221637333687e-03
1.103424796648641570e-03
1.101921423210897163e-03
1.099330960748107948e-03
1.097392220992907770e-03
1.096160495037460780e-03
1.093857922088178111e-03
1.091015686585427918e-03
1.088303159861780814e-03
1.085364167418527512e-03
1.083394061970861279e-03
1.082063234033186138e-03
1.080021113396621322e-03
1.078252880683946806e-03
1.076601945234590850e-03
1.074359676468369593e-03
1.071249554728887854e-03
1.069033160603752352e-03
1.067495338989119446e-03
1.065061823287086033e-03
1.061880318932756145e-03
1.059618868316461503e-03
1.057745997000273264e-03
1.055004718735634605e-03
1.051989346923920716e-03
1.049159615228953965e-03
1.046817230832709951e-03
1.044146819038066889e-03
1.041051612821773014e-03
1.038432830424445945e-03
1.036077279676742317e-03
1.033381145134763465e-03
1.030183327792380098e-03
1.027354942500605193e-03
1.024889993118885271e-03
1.021766065324124272e-03
1.018639169675424538e-03
1.015898613714343989e-03
1.013324850263693996e-03
1.010618852037566606e-03
1.007448259769556540e-03
1.004541754478697688e-03
1.001813539203954542e-03
9.993716696219225645e-04
9.969029693701017981e-04
9.931523898152020031e-04
9.906091521350180590e-04
9.888004394374985077e-04
9.858590245057775696e-04
9.836978679469219732e-04
9.819032249726107522e-04
9.787064438796886246e-04
9.751476255267365213e-04
9.724618883352337002e-04
9.691814691976905231e-04
9.659850273647611072e-04
9.628095606544496412e-04
9.593757017882665467e-04
9.566827273896209068e-04
9.537488263541519119e-04
9.506570421394605836e-04
9.476850439659826328e-04
9.448673018062319750e-04
9.423467008802086271e-04
9.396447360858028834e-04
9.363916063045051507e-04
9.338842010870461625e-04
9.315224434036766801e-04
9.287846547225035243e-04
9.261370888998430532e-04
9.232428823280361624e-04
9.202267515278111281e-04
9.170476783908572058e-04
9.139969210246443911e-04
9.112642471170327371e-04
9.084461596638432725e-04
9.054868676789290831e-04
9.024123917723523040e-04
8.993447337966257310e-04
8.964023226371811053e-04
8.933761225991054345e-04
8.903531011111030834e-04
8.873113844554534778e-04
8.842387776347019387e-04
8.818717739106406509e-04
8.792116143174176501e-04
8.759965471787392556e-04
8.729222865990055296e-04
8.699687759927527374e-04
8.666902362296189126e-04
8.624792467102266637e-04
8.586642816265849850e-04
8.557361217267100452e-04
8.518881613684124200e-04
8.486615718753782274e-04
8.458247950725184677e-04
8.422687671056767978e-04
8.392321845789544200e-04
8.356942324455277765e-04
8.321439541857158237e-04
8.287678851839941395e-04
8.258567261880493931e-04
8.220557304841851062e-04
8.182101750084965061e-04
8.154160423072340106e-04
8.124564158795480589e-04
8.094643523595663028e-04
8.069690628986552969e-04
8.037207772891688572e-04
8.006494664296715360e-04
7.975494972183663506e-04
7.933669933197007914e-04
7.895306090696661058e-04
7.859351535881812113e-04
7.828251827701276054e-04
7.796771525998313131e-04
7.764238481758618370e-04
7.737777722045377417e-04
7.700660892909726423e-04
7.662744230085700688e-04
7.625204431573898373e-04
7.591685850643786239e-04
7.557383008594784372e-04
7.519387390324674481e-04
7.490273025111860057e-04
7.460165115910055147e-04
7.425349871696879968e-04
7.391420508100125884e-04
7.357297853815931640e-04
7.324248515695881397e-04
7.292766431357830753e-04
7.250849605135263262e-04
7.211243236058402202e-04
7.173910171883135468e-04
7.140177458793408802e-04
7.110941231920739521e-04
7.073835854265151128e-04
7.028349061302079223e-04
6.986072583948923576e-04
6.951288133919072574e-04
6.914964609636703322e-04
6.871983590286012038e-04
6.835417954261654386e-04
6.793099952306547347e-04
6.746555564559272595e-04
6.704392696376712361e-04
6.661042662372448605e-04
6.618171444123390574e-04
6.570565528840105387e-04
6.533074450036954577e-04
6.496672068702868908e-04
6.448461669704787019e-04
6.402560374772677801e-04
6.357297759911241389e-04
6.312821639953621489e-04
6.268557534206653211e-04
6.224049902943289744e-04
6.179565701069503810e-04
6.134979589800814998e-04
6.090281528156766275e-04
6.045447395399415917e-04
6.000636820637190528e-04
5.955519712224146027e-04
5.910275060594126278e-04
5.865116439523648025e-04
5.819528559878078171e-04
5.774172568730944009e-04
5.728637524842816525e-04
5.683149627079939377e-04
5.636128604238662809e-04
5.593800844405074843e-04
5.551463172592290473e-04
5.503900353510417492e-04
5.457510431801548996e-04
5.410648809696166558e-04
5.363715561257537427e-04
5.317132054916822196e-04
5.269156034146427756e-04
5.226091927651794122e-04
5.182906844063919381e-04
5.133744533579849773e-04
5.089092491674691984e-04
5.043105373993770615e-04
4.994058907164981376e-04
4.946000375556123619e-04
4.897574384021166453e-04
4.849479418153189881e-04
4.801145871080913824e-04
4.752379695754443902e-04
4.703616842166991182e-04
4.654884773194319851e-04
4.605814259992564870e-04
4.556195822196989825e-04
4.506596717726058681e-04
4.456821478487880419e-04
4.406948088254464442e-04
4.357336029910488539e-04
4.307260818307643690e-04
4.258301163778052678e-04
4.207688774186830322e-04
4.163579766826730629e-04
4.119489939539337873e-04
4.068467910536945412e-04
4.018951827078542580e-04
3.969132283971409754e-04
3.920128917731206396e-04
3.871026397612760276e-04
3.822185970083017141e-04
3.774767260209146817e-04
3.726212954893357542e-04
3.676048219055898648e-04
3.627592391887571126e-04
3.580398612550641114e-04
3.533361253553178073e-04
3.485679096922969533e-04
3.439046797332059933e-04
3.392721314812847900e-04
3.344829423685042355e-04
3.298056182287894145e-04
3.252160417677443446e-04
3.205707925220822505e-04
3.157999474878063831e-04
3.110309795381632097e-04
3.063467532932056289e-04
3.016515163295459614e-04
2.969653671306749280e-04
2.923457255660750565e-04
2.878030370153304121e-04
2.831314220153454092e-04
2.784585715496416900e-04
2.737885197678651024e-04
2.690017700155088697e-04
2.643575404068979453e-04
2.596645573090177275e-04
2.548786584097538499e-04
2.500837509262920249e-04
2.453120736005274453e-04
2.405683150911382985e-04
2.357149543588202831e-04
2.308425574894038804e-04
2.259994400749800673e-04
2.211397134109379617e-04
2.163254891944557635e-04
2.114885185053182355e-04
2.065882446332137866e-04
2.016977405724437050e-04
1.968189341782130555e-04
1.919652138489495036e-04
1.870738147133398988e-04
1.822190457294496169e-04
1.773447970713923295e-04
1.724660752369435183e-04
1.675635224001469797e-04
1.627032885079956147e-04
1.577403775143953319e-04
1.525956104776217132e-04
1.475437410441517757e-04
1.424936306523128351e-04
1.375413138618707684e-04
1.325229148760703442e-04
1.273851980227024710e-04
1.222765351393815311e-04
1.171442384253990683e-04
1.120776799946976530e-04
1.070099077760005467e-04
1.019266353387347063e-04
9.686975792834242606e-05
9.185037031118713355e-05
8.680038500079091418e-05
8.167612519158795365e-05
7.661215930747953889e-05
7.154207958673942090e-05
6.652281546007583236e-05
6.144378022098416178e-05
5.672346236310481260e-05
5.056222486083294438e-05
4.430622734483674862e-05
3.947501001236498495e-05
3.432185750948315173e-05
2.919996915817392306e-05
2.439268501776169820e-05
1.833638068777947893e-05
1.174668508782604381e-05
5.134278008648455358e-06
1.245943093061580508e-06
